
b2_1 = [1 1];
b2_2 = [-1 1];
b3 = [1 1 -1];
b4_1 = [1 1 -1 1];
b4_2 = [1 1 1 -1];
b5 = [1 1 1 -1 1];
b7 = [1 1 1 -1 -1 1 -1];
b11 = [1 1 1 -1 -1 -1 1 -1 -1 1 -1];
b13 = [1 1 1 1 1 -1 -1 1 1 -1 1 -1 1];
